# Created by Octave 4.0.0, Thu Sep 14 14:38:27 2017 CEST <krzysztof@ottobotg>
# name: traj1_truth
# type: matrix
# rows: 3
# columns: 341
 -0.3640999999999999 -0.3707 -0.3768 -0.381 -0.3872 -0.3956 -0.4056 -0.4180999999999999 -0.4333 -0.4484999999999999 -0.4686999999999999 -0.49 -0.5124 -0.534 -0.5597999999999999 -0.5860000000000001 -0.6123999999999998 -0.6354999999999997 -0.6607000000000001 -0.6843000000000001 -0.7028000000000001 -0.7226999999999999 -0.7438999999999998 -0.764 -0.7804 -0.7956000000000001 -0.8044999999999998 -0.8109 -0.8156999999999999 -0.8223999999999998 -0.8299000000000001 -0.8360000000000001 -0.8415999999999999 -0.8461999999999998 -0.8534999999999997 -0.8627 -0.8724000000000001 -0.8794999999999999 -0.8905000000000001 -0.9058999999999997 -0.9198999999999999 -0.9368999999999998 -0.9545999999999999 -0.9690999999999999 -0.9843 -0.9957999999999998 -1.0012 -1.0055 -1.0081 -1.011 -1.0148 -1.0181 -1.0195 -1.022 -1.0252 -1.0368 -1.0529 -1.0699 -1.0882 -1.1037 -1.1155 -1.1274 -1.1365 -1.1451 -1.1509 -1.1593 -1.1682 -1.1762 -1.1877 -1.1997 -1.2085 -1.2167 -1.2247 -1.229 -1.2292 -1.2323 -1.2366 -1.2417 -1.2456 -1.2469 -1.2471 -1.2451 -1.2418 -1.2369 -1.2293 -1.2258 -1.2206 -1.2091 -1.2017 -1.1902 -1.1791 -1.1685 -1.1575 -1.1461 -1.1337 -1.1249 -1.1144 -1.1046 -1.0972 -1.0913 -1.0852 -1.0809 -1.0755 -1.072 -1.0699 -1.0688 -1.0713 -1.0749 -1.0817 -1.0894 -1.1013 -1.1127 -1.1237 -1.1306 -1.1353 -1.1377 -1.1373 -1.134 -1.1304 -1.1236 -1.1161 -1.1111 -1.1078 -1.1087 -1.1125 -1.1171 -1.1219 -1.1254 -1.1304 -1.1321 -1.1303 -1.1277 -1.1241 -1.1226 -1.1211 -1.1186 -1.1148 -1.1118 -1.1086 -1.1038 -1.0996 -1.0953 -1.0946 -1.0924 -1.0915 -1.0903 -1.0867 -1.0805 -1.0741 -1.0696 -1.0667 -1.0643 -1.0596 -1.0546 -1.0497 -1.0469 -1.0423 -1.037 -1.0314 -1.0259 -1.0206 -1.0161 -1.0126 -1.0092 -1.0057 -1.0015 -0.9984 -0.9921 -0.9852999999999998 -0.9803999999999997 -0.9745999999999999 -0.9688000000000001 -0.9620999999999997 -0.9543999999999999 -0.9458999999999997 -0.9383000000000001 -0.9296 -0.9206999999999999 -0.9117999999999997 -0.9052999999999998 -0.8966999999999998 -0.8888 -0.8802999999999999 -0.8737000000000001 -0.8678000000000001 -0.8638000000000001 -0.8617999999999999 -0.8594999999999999 -0.8573999999999999 -0.8558000000000001 -0.853 -0.8518000000000001 -0.8532 -0.8556000000000001 -0.8583999999999998 -0.8633 -0.8674999999999999 -0.8709999999999998 -0.8718000000000001 -0.8701000000000001 -0.8673999999999997 -0.8629999999999998 -0.8564000000000001 -0.8482999999999998 -0.8377999999999999 -0.8286 -0.8211999999999999 -0.8120000000000001 -0.8032000000000001 -0.7931000000000001 -0.7811000000000001 -0.7676999999999998 -0.7556 -0.7449000000000001 -0.7346000000000001 -0.7230000000000001 -0.7110999999999998 -0.6965999999999999 -0.6807999999999998 -0.6647999999999998 -0.6510999999999998 -0.6363999999999999 -0.6226 -0.6114999999999997 -0.5971 -0.5818999999999999 -0.5662999999999998 -0.5536999999999999 -0.5385 -0.5239 -0.5065999999999999 -0.488 -0.4698 -0.4537 -0.4333 -0.4138999999999999 -0.3956999999999999 -0.3793 -0.3607 -0.3414999999999999 -0.3245 -0.3034999999999999 -0.2821 -0.264 -0.2404999999999999 -0.2167999999999999 -0.1953 -0.1695 -0.1419999999999999 -0.1144999999999998 -0.09219999999999984 -0.06759999999999988 -0.04469999999999996 -0.02590000000000003 -0.006899999999999906 0.01090000000000013 0.02910000000000013 0.04540000000000011 0.06520000000000015 0.08320000000000016 0.09830000000000005 0.1079000000000001 0.1188 0.1277000000000001 0.1359000000000001 0.1439000000000001 0.1492 0.1537000000000002 0.1580000000000001 0.1644000000000001 0.1719000000000002 0.1828000000000001 0.1967000000000001 0.2096 0.2205000000000001 0.2318 0.2429000000000001 0.2530000000000001 0.2613000000000001 0.2707000000000002 0.2786000000000002 0.2878000000000001 0.2956000000000001 0.3018000000000001 0.3052000000000001 0.3068000000000002 0.3076000000000001 0.3061 0.3025 0.2979000000000001 0.2935000000000001 0.2894000000000001 0.2845 0.2804 0.2766000000000002 0.2719 0.2654000000000001 0.2584000000000002 0.2512000000000001 0.2457 0.2430000000000001 0.2412000000000001 0.2402 0.2362 0.2317 0.2288000000000001 0.2278 0.2247000000000001 0.2173 0.2086000000000001 0.2003000000000001 0.1921000000000002 0.1844000000000001 0.1781000000000001 0.1719000000000002 0.1627000000000001 0.1536000000000002 0.1463000000000001 0.1415000000000002 0.1353 0.1293 0.1259000000000001 0.1211 0.1164000000000001 0.1116000000000001 0.1037000000000001 0.09489999999999998 0.08530000000000015 0.07079999999999997 0.05640000000000001 0.04130000000000011 0.02470000000000017 0.007900000000000018 -0.01149999999999984 -0.02739999999999987 -0.04459999999999997 -0.06309999999999993 -0.08179999999999987 -0.09729999999999994 -0.1143999999999998 -0.1289
